[[0.9999989748328775, 0.0014317128882780149, -2.3052106687495774e-05, -0.0419487635428796], [-0.0014318984580214155, 0.9998693779664789, -0.016098964927364408, -0.08211834418205713], [-5.421010862427522e-20, 0.01609898143151088, 0.9998704030007428, 5.233180417514624], [0.0, 0.0, 0.0, 1.0]]
[[0.9999989748328775, 0.0014315289900334914, 3.2526063054040294e-05, -0.04169106338570523], [-0.0014318984580214142, 0.9997409484294782, 0.022715318622756244, 0.09785244323310141], [-4.404571325722362e-20, -0.022715341909777944, 0.9997419733320803, 5.2312872760772136], [0.0, 0.0, 0.0, 1.0]]
[[0.22182507022565456, 0.038199055835982564, 0.9743379651602532, -0.02185485851683201], [-0.020683180565279707, 0.9991918732230964, -0.034464569148963564, 0.34668214323735635], [-0.9748670905621378, -0.012507302593250951, 0.22243588541589554, 5.2304894917045806], [0.0, 0.0, 0.0, 1.0]]
[[0.2218250702256429, -0.08749026560578095, 0.9711534851111943, -0.027935132916950715], [-0.020683180565279277, 0.9953202513590733, 0.09439175428084357, 0.5464237301408092], [-0.9748670905621406, -0.04102500041122484, 0.21897740769350238, 5.224868162748901], [0.0, 0.0, 0.0, 1.0]]
[[0.22182507022563136, -0.12962843855870537, 0.9664316355212229, -0.042347075571992514], [-0.020683180565279007, 0.9902755102728914, 0.13757405204277673, 0.6905646530369123], [-0.9748670905621432, -0.05050625377709695, 0.21698680620790212, 5.218530659938045], [0.0, 0.0, 0.0, 1.0]]
[[0.22182507022562292, -0.6477194229582017, 0.7288711733510194, -0.12432096136624098], [-0.020683180565279236, 0.744200133367998, 0.667636403693476, 0.9159007105208635], [-0.974867090562145, -0.1631738662217337, 0.15168534906559117, 5.195097179047215], [0.0, 0.0, 0.0, 1.0]]
[[0.17553554048143716, -0.983811764570196, -0.03607888469960141, -0.19639946762760674], [0.6024446908045988, 0.1363309781678499, -0.7864313440556326, 0.9743608217713062], [0.7786190779509845, 0.11631111849292253, 0.6166231062534748, 5.177455840123643], [0.0, 0.0, 0.0, 1.0]]
[[-0.2188123347340578, -0.5076753853722146, 0.8332987851037608, -0.39101236271143713], [0.09469506404656347, -0.8610108800866587, -0.49969301497781005, 0.9293050540884076], [0.9711611642839963, -0.03042971343227105, 0.23647415403587368, 5.187315859233311], [0.0, 0.0, 0.0, 1.0]]
[[-0.37405166653276534, -0.08356298375099726, 0.9236355225470119, -0.42129016531341335], [0.1654906352092771, -0.9859618749510815, -0.022181767309627454, 0.7994461298299609], [0.9125229862431363, 0.14455590229934942, 0.38262957372415674, 5.198721768590648], [0.0, 0.0, 0.0, 1.0]]
[[-0.926444680083468, -0.19104933176346559, -0.3243461231119835, -0.4329188407619756], [0.04280185612958359, -0.9095105497527902, 0.41347135450988615, 0.6712964730030772], [-0.373989646724215, 0.3691757206549623, 0.8507884763100557, 5.217195651367488], [0.0, 0.0, 0.0, 1.0]]
[[0.6255917271298638, 0.006390243800533758, 0.780124448873924, -0.4650140098129116], [-0.06252793718471662, -0.9963387905409085, 0.05830327207715866, 0.47354868705442743], [0.7776408219853804, -0.08525361721152244, -0.6229017360180116, 5.2716492474965335], [0.0, 0.0, 0.0, 1.0]]
