Timestep, Translation, Rotation
0, [0.0, 0.0, 0.0], [[1.0, -0.0, 0.0], [0.0, 1.0, 0.0], [0.0, 0.0, 1.0]]
100, [10.0, 10.0, 10.0], [[0.5403023058681398, -0.8414709848078965, 0.0], [0.8414709848078965, 0.5403023058681398, 0.0], [0.0, 0.0, 1.0]]
200, [20.0, 20.0, 20.0], [[-0.4161468365471424, -0.9092974268256817, 0.0], [0.9092974268256817, -0.4161468365471424, 0.0], [0.0, 0.0, 1.0]]
300, [30.0, 30.0, 30.0], [[-0.9899924966004454, -0.1411200080598672, 0.0], [0.1411200080598672, -0.9899924966004454, 0.0], [0.0, 0.0, 1.0]]
400, [40.0, 40.0, 40.0], [[-0.6536436208636119, 0.7568024953079282, 0.0], [-0.7568024953079282, -0.6536436208636119, 0.0], [0.0, 0.0, 1.0]]
500, [50.0, 50.0, 50.0], [[0.28366218546322625, 0.9589242746631385, 0.0], [-0.9589242746631385, 0.28366218546322625, 0.0], [0.0, 0.0, 1.0]]
600, [60.0, 60.0, 60.0], [[0.960170286650366, 0.27941549819892586, 0.0], [-0.27941549819892586, 0.960170286650366, 0.0], [0.0, 0.0, 1.0]]
700, [70.0, 70.0, 70.0], [[0.7539022543433046, -0.6569865987187891, 0.0], [0.6569865987187891, 0.7539022543433046, 0.0], [0.0, 0.0, 1.0]]
800, [80.0, 80.0, 80.0], [[-0.14550003380861354, -0.9893582466233818, 0.0], [0.9893582466233818, -0.14550003380861354, 0.0], [0.0, 0.0, 1.0]]
900, [90.0, 90.0, 90.0], [[-0.9111302618846769, -0.4121184852417566, 0.0], [0.4121184852417566, -0.9111302618846769, 0.0], [0.0, 0.0, 1.0]]
