Translation: [-0.04221018 -0.26610494  5.22695732]
Translation: [-0.04220635 -0.26200644  5.22696637]
Translation: [0.00387578 0.46467975 0.00288296]
Translation: [-0.00427905  0.49780582 -0.01334406]
