Translation: [-0.04220635 -0.26200644  5.22696637]
Translation: [0.00717629 0.48946374 0.0030541 ]
Translation: [-0.0106718   0.49779797 -0.01482136]
Translation: [-0.32665054  0.23538395 -0.02595477]
