[[ 9.99998975e-01 -4.18251493e-05 -1.43128748e-03]
 [-1.43189846e-03 -2.92095478e-02 -9.99572285e-01]
 [-1.08420217e-19  9.99573309e-01 -2.92095777e-02]]
[[ 9.99998975e-01 -5.25565977e-05 -1.43093361e-03]
 [-1.43189846e-03 -3.67040998e-02 -9.99325152e-01]
 [ 0.00000000e+00  9.99326176e-01 -3.67041374e-02]]
[[ 9.99998975e-01 -6.07322405e-05 -1.43060994e-03]
 [-1.43189846e-03 -4.24137465e-02 -9.99099106e-01]
 [ 1.08420217e-19  9.99100130e-01 -4.24137900e-02]]
[[ 9.99998975e-01 -4.28651873e-05 -1.43125671e-03]
 [-1.43189846e-03 -2.99358820e-02 -9.99550795e-01]
 [ 0.00000000e+00  9.99551820e-01 -2.99359127e-02]]
[[ 9.99998975e-01 -4.50504595e-06 -1.43189137e-03]
 [-1.43189846e-03 -3.14620168e-03 -9.99994026e-01]
 [ 0.00000000e+00  9.99995051e-01 -3.14620491e-03]]
[[ 9.99998975e-01  3.12185373e-05 -1.43155810e-03]
 [-1.43189846e-03  2.18021782e-02 -9.99761279e-01]
 [ 0.00000000e+00  9.99762304e-01  2.18022005e-02]]
[[ 9.99998975e-01  3.96978773e-05 -1.43134806e-03]
 [-1.43189846e-03  2.77239188e-02 -9.99614593e-01]
 [ 1.08420217e-19  9.99615618e-01  2.77239472e-02]]
[[ 9.99998975e-01  3.52683352e-05 -1.43146405e-03]
 [-1.43189846e-03  2.46304470e-02 -9.99695599e-01]
 [ 1.08420217e-19  9.99696624e-01  2.46304723e-02]]
[[ 0.22280577  0.97276041 -0.06399047]
 [-0.02423994 -0.06009208 -0.99789848]
 [-0.97456145  0.22388866  0.01019079]]
[[ 0.22280577  0.96483357 -0.13947676]
 [-0.02423994 -0.13754591 -0.99019874]
 [-0.97456145  0.2240029  -0.00725852]]
[[ 0.22280577  0.96600448 -0.13112183]
 [-0.02423994 -0.12897154 -0.99135199]
 [-0.97456145  0.22405733 -0.00531972]]
[[ 0.22280577  0.97208717 -0.07351275]
 [-0.02423994 -0.0698607  -0.99726221]
 [-0.97456145  0.22397772  0.00799796]]
[[ 0.22280577  0.97482566 -0.00851549]
 [-0.02423994 -0.00319252 -0.99970107]
 [-0.97456145  0.22294558  0.0229184 ]]
[[ 0.22280577  0.9744887   0.02700661]
 [-0.02423994  0.03323235 -0.99915366]
 [-0.97456145  0.22196256  0.03102591]]
[[ 0.22280577  0.97384381  0.04456257]
 [-0.02423994  0.05123177 -0.99839257]
 [-0.97456145  0.22136743  0.03502065]]
[[ 0.22280577  0.97292233  0.06147955]
 [-0.02423994  0.06857435 -0.99735148]
 [-0.97456145  0.2207254   0.03886234]]
[[ 0.22280577  0.97129571  0.08332002]
 [-0.02423994  0.09096181 -0.99555933]
 [-0.97456145  0.21979669  0.04381096]]
[[ 0.22280577  0.9695777   0.10137397]
 [-0.02423994  0.10946581 -0.99369495]
 [-0.97456145  0.21894367  0.04789212]]
[[ 0.22280577  0.96910439  0.10580294]
 [-0.02423994  0.11400488 -0.99318443]
 [-0.97456145  0.21872256  0.04889197]]
[[ 0.22280577  0.96594471  0.13156141]
 [-0.02423994  0.14040142 -0.98979789]
 [-0.97456145  0.21734364  0.05469669]]
[[ 0.22280577  0.94997614  0.21886738]
 [-0.02423994  0.22984016 -0.97292647]
 [-0.97456145  0.2114683   0.07423708]]
[[ 0.22280577  0.91245183  0.34320439]
 [-0.02423994  0.35713056 -0.93373989]
 [-0.97456145  0.19972338  0.10168852]]
[[ 0.22280577  0.84769646  0.48142321]
 [-0.02423994  0.49850155 -0.86654984]
 [-0.97456145  0.18140264  0.13161713]]
[[ 0.22280577  0.76081148  0.60952726]
 [-0.02423994  0.62937443 -0.77672406]
 [-0.97456145  0.1582837   0.15867028]]
[[ 0.22280577  0.63787693  0.7372046 ]
 [-0.02423994  0.75960484 -0.64993301]
 [-0.97456145  0.12693903  0.18470644]]
[[ 0.38057705 -0.46148204  0.80137097]
 [ 0.73575557 -0.37385732 -0.56470741]
 [ 0.56020073  0.80452783  0.19725647]]
[[ 0.15215409 -0.22220757  0.96305396]
 [ 0.51136082 -0.81614605 -0.26910171]
 [ 0.84578913  0.53341299 -0.01055171]]
[[ 0.12349152  0.03953602  0.99155774]
 [ 0.1820157  -0.98315664  0.01653227]
 [ 0.97551019  0.17843748 -0.12860768]]
[[ 0.157128    0.37412432  0.91397034]
 [ 0.00216289 -0.9255944   0.37851067]
 [ 0.98757588 -0.05749781 -0.14624598]]
[[ 0.157128    0.70529449  0.69128176]
 [ 0.00216289 -0.70022078  0.71392309]
 [ 0.98757588 -0.11068214 -0.11154976]]
[[ 0.157128    0.88341169  0.44146866]
 [ 0.00216289 -0.4473282   0.89436726]
 [ 0.98757588 -0.13957529 -0.07219851]]
[[ 0.157128    0.95582283  0.24842204]
 [ 0.00216289 -0.25187914  0.96775628]
 [ 0.98757588 -0.1515243  -0.0416446 ]]
[[ 0.157128    0.97940406  0.12680097]
 [ 0.00216289 -0.12873684  0.99167643]
 [ 0.98757588 -0.15554587 -0.0223465 ]]
[[ 0.157128    0.98541239  0.06536989]
 [ 0.00216289 -0.06653533  0.99778173]
 [ 0.98757588 -0.15663805 -0.0125859 ]]
[[-0.98762256  0.14934361  0.04793925]
 [ 0.05945325  0.07361017  0.99551336]
 [ 0.14514474  0.9860416  -0.08157803]]
[[-0.92202407 -0.38209579  0.06224487]
 [-0.03612348  0.24499794  0.9688504 ]
 [-0.38544352  0.89105489 -0.23969663]]
[[-0.57353349 -0.81917357  0.00374076]
 [ 0.00490651  0.00113122  0.99998732]
 [-0.81916742  0.57354457  0.0033705 ]]
[[-0.72625748 -0.6386029   0.25443353]
 [ 0.00503371  0.36517639  0.93092474]
 [-0.68740435  0.67737179 -0.26199754]]
