[[ 9.99998975e-01 -4.18251493e-05 -1.43128748e-03 -4.21562392e-02]
 [-1.43189846e-03 -2.92095478e-02 -9.99572285e-01 -2.27013675e-01]
 [-1.08420217e-19  9.99573309e-01 -2.92095777e-02  5.22764703e+00]
 [ 0.00000000e+00  0.00000000e+00  0.00000000e+00  1.00000000e+00]]
[[ 9.99998975e-01 -5.25565977e-05 -1.43093361e-03 -4.20846858e-02]
 [-1.43189846e-03 -3.67040998e-02 -9.99325152e-01 -1.77042721e-01]
 [ 0.00000000e+00  9.99326176e-01 -3.67041374e-02  5.22934544e+00]
 [ 0.00000000e+00  0.00000000e+00  0.00000000e+00  1.00000000e+00]]
[[ 9.99998975e-01 -6.07322405e-05 -1.43060994e-03 -4.20131484e-02]
 [-1.43189846e-03 -4.24137465e-02 -9.99099106e-01 -1.27082967e-01]
 [ 1.08420217e-19  9.99100130e-01 -4.24137900e-02  5.23134730e+00]
 [ 0.00000000e+00  0.00000000e+00  0.00000000e+00  1.00000000e+00]]
[[ 9.99998975e-01 -4.28651873e-05 -1.43125671e-03 -4.19416071e-02]
 [-1.43189846e-03 -2.99358820e-02 -9.99550795e-01 -7.71204991e-02]
 [ 0.00000000e+00  9.99551820e-01 -2.99359127e-02  5.23327565e+00]
 [ 0.00000000e+00  0.00000000e+00  0.00000000e+00  1.00000000e+00]]
[[ 9.99998975e-01 -4.50504595e-06 -1.43189137e-03 -4.18700262e-02]
 [-1.43189846e-03 -3.14620168e-03 -9.99994026e-01 -2.71303487e-02]
 [ 0.00000000e+00  9.99995051e-01 -3.14620491e-03  5.23418675e+00]
 [ 0.00000000e+00  0.00000000e+00  0.00000000e+00  1.00000000e+00]]
[[ 9.99998975e-01  3.12185373e-05 -1.43155810e-03 -4.17984365e-02]
 [-1.43189846e-03  2.18021782e-02 -9.99761279e-01  2.28659880e-02]
 [ 0.00000000e+00  9.99762304e-01  2.18022005e-02  5.23373176e+00]
 [ 0.00000000e+00  0.00000000e+00  0.00000000e+00  1.00000000e+00]]
[[ 9.99998975e-01  3.96978773e-05 -1.43134806e-03 -4.17268663e-02]
 [-1.43189846e-03  2.77239188e-02 -9.99614593e-01  7.28486469e-02]
 [ 1.08420217e-19  9.99615618e-01  2.77239472e-02  5.23242152e+00]
 [ 0.00000000e+00  0.00000000e+00  0.00000000e+00  1.00000000e+00]]
[[ 9.99998975e-01  3.52683352e-05 -1.43146405e-03 -4.16552961e-02]
 [-1.43189846e-03  2.46304470e-02 -9.99695599e-01  1.22831333e-01]
 [ 1.08420217e-19  9.99696624e-01  2.46304723e-02  5.23110859e+00]
 [ 0.00000000e+00  0.00000000e+00  0.00000000e+00  1.00000000e+00]]
[[ 0.22280577  0.97276041 -0.06399047 -0.04107574]
 [-0.02423994 -0.06009208 -0.99789848  0.17280798]
 [-0.97456145  0.22388866  0.01019079  5.22999758]
 [ 0.          0.          0.          1.        ]]
[[ 0.22280577  0.96483357 -0.13947676 -0.03572744]
 [-0.02423994 -0.13754591 -0.99019874  0.22250631]
 [-0.97456145  0.2240029  -0.00725852  5.22998418]
 [ 0.          0.          0.          1.        ]]
[[ 0.22280577  0.96600448 -0.13112183 -0.02866923]
 [-0.02423994 -0.12897154 -0.99135199  0.2720039 ]
 [-0.97456145  0.22405733 -0.00531972  5.23036671]
 [ 0.          0.          0.          1.        ]]
[[ 0.22280577  0.97208717 -0.07351275 -0.02327333]
 [-0.02423994 -0.0698607  -0.99726221  0.32170474]
 [-0.97456145  0.22397772  0.00799796  5.23036413]
 [ 0.          0.          0.          1.        ]]
[[ 2.22805769e-01  9.74825664e-01 -8.51549037e-03 -2.11340755e-02]
 [-2.42399370e-02 -3.19251653e-03 -9.99701072e-01  3.71643506e-01]
 [-9.74561447e-01  2.22945581e-01  2.29184016e-02  5.22961110e+00]
 [ 0.00000000e+00  0.00000000e+00  0.00000000e+00  1.00000000e+00]]
[[ 0.22280577  0.9744887   0.02700661 -0.02164636]
 [-0.02423994  0.03323235 -0.99915366  0.4216195 ]
 [-0.97456145  0.22196256  0.03102591  5.22825095]
 [ 0.          0.          0.          1.        ]]
[[ 0.22280577  0.97384381  0.04456257 -0.02345535]
 [-0.02423994  0.05123177 -0.99839257  0.47155863]
 [-0.97456145  0.22136743  0.03502065  5.22659525]
 [ 0.          0.          0.          1.        ]]
[[ 0.22280577  0.97292233  0.06147955 -0.02604568]
 [-0.02423994  0.06857435 -0.99735148  0.52145723]
 [-0.97456145  0.2207254   0.03886234  5.22476194]
 [ 0.          0.          0.          1.        ]]
[[ 0.22280577  0.97129571  0.08332002 -0.02958252]
 [-0.02423994  0.09096181 -0.99555933  0.57128892]
 [-0.97456145  0.21979669  0.04381096  5.22271389]
 [ 0.          0.          0.          1.        ]]
[[ 0.22280577  0.9695777   0.10137397 -0.0342333 ]
 [-0.02423994  0.10946581 -0.99369495  0.62101817]
 [-0.97456145  0.21894367  0.04789212  5.22041373]
 [ 0.          0.          0.          1.        ]]
[[ 0.22280577  0.96910439  0.10580294 -0.03935091]
 [-0.02423994  0.11400488 -0.99318443  0.67069733]
 [-0.97456145  0.21872256  0.04889197  5.21800808]
 [ 0.          0.          0.          1.        ]]
[[ 0.22280577  0.96594471  0.13156141 -0.04504404]
 [-0.02423994  0.14040142 -0.98979789  0.72030628]
 [-0.97456145  0.21734364  0.05469669  5.2154726 ]
 [ 0.          0.          0.          1.        ]]
[[ 0.22280577  0.94997614  0.21886738 -0.0533002 ]
 [-0.02423994  0.22984016 -0.97292647  0.76950484]
 [-0.97456145  0.2114683   0.07423708  5.21236136]
 [ 0.          0.          0.          1.        ]]
[[ 0.22280577  0.91245183  0.34320439 -0.06696963]
 [-0.02423994  0.35713056 -0.93373989  0.81736802]
 [-0.97456145  0.19972338  0.10168852  5.20804575]
 [ 0.          0.          0.          1.        ]]
[[ 0.22280577  0.84769646  0.48142321 -0.08723959]
 [-0.02423994  0.49850155 -0.86654984  0.86265463]
 [-0.97456145  0.18140264  0.13161713  5.2022852 ]
 [ 0.          0.          0.          1.        ]]
[[ 0.22280577  0.76081148  0.60952726 -0.11420926]
 [-0.02423994  0.62937443 -0.77672406  0.90407691]
 [-0.97456145  0.1582837   0.15867028  5.19508907]
 [ 0.          0.          0.          1.        ]]
[[ 0.22280577  0.63787693  0.7372046  -0.1475615 ]
 [-0.02423994  0.75960484 -0.64993301  0.94024808]
 [-0.97456145  0.12693903  0.18470644  5.18656436]
 [ 0.          0.          0.          1.        ]]
[[ 0.38057705 -0.46148204  0.80137097 -0.18665152]
 [ 0.73575557 -0.37385732 -0.56470741  0.96982006]
 [ 0.56020073  0.80452783  0.19725647  5.176892  ]
 [ 0.          0.          0.          1.        ]]
[[ 0.15215409 -0.22220757  0.96305396 -0.23022655]
 [ 0.51136082 -0.81614605 -0.26910171  0.99272042]
 [ 0.84578913  0.53341299 -0.01055171  5.17088551]
 [ 0.          0.          0.          1.        ]]
[[ 0.12349152  0.03953602  0.99155774 -0.27936266]
 [ 0.1820157  -0.98315664  0.01653227  1.00001113]
 [ 0.97551019  0.17843748 -0.12860768  5.17472652]
 [ 0.          0.          0.          1.        ]]
[[ 1.57127996e-01  3.74124323e-01  9.13970341e-01 -3.27770563e-01]
 [ 2.16288867e-03 -9.25594400e-01  3.78510672e-01  9.91236189e-01]
 [ 9.87575878e-01 -5.74978071e-02 -1.46245982e-01  5.18208416e+00]
 [ 0.00000000e+00  0.00000000e+00  0.00000000e+00  1.00000000e+00]]
[[ 1.57127996e-01  7.05294495e-01  6.91281758e-01 -3.68895985e-01]
 [ 2.16288867e-03 -7.00220779e-01  7.13923092e-01  9.64208831e-01]
 [ 9.87575878e-01 -1.10682139e-01 -1.11549761e-01  5.18868660e+00]
 [ 0.00000000e+00  0.00000000e+00  0.00000000e+00  1.00000000e+00]]
[[ 1.57127996e-01  8.83411692e-01  4.41468658e-01 -3.97685158e-01]
 [ 2.16288867e-03 -4.47328204e-01  8.94367263e-01  9.23852876e-01]
 [ 9.87575878e-01 -1.39575288e-01 -7.21985052e-02  5.19335547e+00]
 [ 0.00000000e+00  0.00000000e+00  0.00000000e+00  1.00000000e+00]]
[[ 1.57127996e-01  9.55822831e-01  2.48422036e-01 -4.15121187e-01]
 [ 2.16288867e-03 -2.51879144e-01  9.67756281e-01  8.77180664e-01]
 [ 9.87575878e-01 -1.51524296e-01 -4.16446034e-02  5.19623185e+00]
 [ 0.00000000e+00  0.00000000e+00  0.00000000e+00  1.00000000e+00]]
[[ 1.57127996e-01  9.79404057e-01  1.26800971e-01 -4.24542535e-01]
 [ 2.16288867e-03 -1.28736842e-01  9.91676433e-01  8.28137443e-01]
 [ 9.87575878e-01 -1.55545874e-01 -2.23465039e-02  5.19783824e+00]
 [ 0.00000000e+00  0.00000000e+00  0.00000000e+00  1.00000000e+00]]
[[ 1.57127996e-01  9.85412386e-01  6.53698919e-02 -4.29243343e-01]
 [ 2.16288867e-03 -6.65353256e-02  9.97781726e-01  7.78375355e-01]
 [ 9.87575878e-01 -1.56638055e-01 -1.25858996e-02  5.19869514e+00]
 [ 0.00000000e+00  0.00000000e+00  0.00000000e+00  1.00000000e+00]]
[[-0.98762256  0.14934361  0.04793925 -0.43225413]
 [ 0.05945325  0.07361017  0.99551336  0.72848334]
 [ 0.14514474  0.9860416  -0.08157803  5.19975078]
 [ 0.          0.          0.          1.        ]]
[[-0.92202407 -0.38209579  0.06224487 -0.4346496 ]
 [-0.03612348  0.24499794  0.9688504   0.67921869]
 [-0.38544352  0.89105489 -0.23969663  5.20757425]
 [ 0.          0.          0.          1.        ]]
[[-5.73533489e-01 -8.19173573e-01  3.74075906e-03 -4.36641296e-01]
 [ 4.90651342e-03  1.13121555e-03  9.99987323e-01  6.30313336e-01]
 [-8.19167421e-01  5.73544573e-01  3.37049613e-03  5.21438840e+00]
 [ 0.00000000e+00  0.00000000e+00  0.00000000e+00  1.00000000e+00]]
[[-7.26257475e-01 -6.38602895e-01  2.54433532e-01 -4.38657949e-01]
 [ 5.03371175e-03  3.65176387e-01  9.30924738e-01  6.00538745e-01]
 [-6.87404351e-01  6.77371795e-01 -2.61997538e-01  5.21630100e+00]
 [ 0.00000000e+00  0.00000000e+00  0.00000000e+00  1.00000000e+00]]
