[[0.2224764289519967, 0.14147156245558629, 0.9646191142503565, -0.03502947485747672], [-0.024252710051166124, 0.9899126812863175, -0.13958756923060084, 0.22745700252127518], [-0.9746363653260334, 0.007660316240787127, 0.22366330709159676, 5.230027766202059], [0.0, 0.0, 0.0, 1.0]]
[[0.22247642895197772, -0.13702168634894352, 0.9652612579145957, -0.0457072332579198], [-0.02425271005116507, 0.9889902263863068, 0.145979923850972, 0.7252543837750803], [-0.9746363653260378, -0.05588729356887145, 0.216703866605091, 5.2152032781940765], [0.0, 0.0, 0.0, 1.0]]
[[0.15707878187709556, -0.6652109487278803, 0.729945648645542, -0.3723652180637931], [0.0006851519591323796, -0.7390474606522051, -0.6736530126632854, 0.960630721567701], [0.9875858377127533, 0.10631671832821415, -0.11563290428385176, 5.189245234067508], [0.0, 0.0, 0.0, 1.0]]
